0.008512018979520142 1.2976830066759248
0.021169893304862353 1.82332301246867
0.03382802314868183 2.345411396600646
0.046485897474024096 2.871051402393384
0.05914453835479799 3.3860365432038364
0.07270745912651194 3.9365379006219072
0.0862696133427942 4.497694123022264
0.09892774318661368 5.01978250715424
0.11249015292137315 5.577387107893834
0.1269565870285954 6.174059546901802
0.14142302113581767 6.7707319859097765
0.15588945524304004 7.367404424917751
0.1703570072436001 7.948538519159889
0.18573313326506496 8.505501854877402
0.2020152248896459 9.07455056985723
0.2182983101971941 9.629787422822986
0.23458199171452238 10.176737158580288
0.24996241541481962 10.673964191086938
0.26896172407926516 11.288717613095152
0.2906764972881604 11.973534844229299
0.30967884662248507 12.54602396847445
0.3277767348800403 13.085515298744163
0.3458755174522658 13.612575953201201
0.3639748366132936 14.132178202170643
0.3829792022206931 14.676641802765424
0.402890224040871 15.223591538522733
0.4228028718877221 15.747940045529731
0.4427150319265713 16.279068921161837
0.46262849278675905 16.79211681379369
0.4825424414549488 17.298384337800456
0.5024573657391427 17.791091124557035
0.5223724526260038 18.28153778843859
0.5422886777315361 18.75616359219493
0.5622052280424032 19.22626915020122
0.5821224287639397 19.687334216707377
0.6020404424988128 20.13709866883839
0.6219587814390206 20.582342875219336
0.6418776081872306 21.020806712975197
0.6617972479487768 21.4479699363559
0.6817172129156579 21.870612913986548
0.7016378282932083 22.284215400117077
0.721558606273426 22.695557763372573
0.741479872061646 23.10011975800298
0.7614016256578677 23.497901384008294
0.7813240296647586 23.88664251851349
0.8012465962743172 24.273123530143653
0.8211696506918775 24.652824173148726
0.8410931929174399 25.02574444752871
0.8610172229510042 25.391884353283604
0.8809412529845686 25.758024259038496
0.9008657708261352 26.117383796168298
0.9207907764757035 26.469962964673005
0.9407161073306065 26.81802188742766
0.9606416007881771 27.16382068730728
0.9805677446564167 27.500578995686784
1.0004938885246564 27.83733730406628
1.020420520200898 28.16731524382069
1.0403474770824743 28.49277293782504
1.0602742713613835 28.820490754704416
1.0802018786536292 29.136907957208646
1.1001293233432075 29.455585282587904
1.1200575810461226 29.762961993592015
1.1399858387490376 30.070338704596118
1.1599144216572874 30.373195169850167
1.179843004565537 30.676051635104212
1.1997719126791213 30.9743878546082
1.2197011459980405 31.268203828362125
1.2396308671249614 31.55523943349096
1.2595605882518826 31.842275038619796
1.279490959789473 32.12027015224851
1.2994200305057246 32.41634624887747
1.319350889851317 32.68756099388109
1.3392814239915747 32.963295984634776
1.359212283337167 33.2345107296384
1.3791428174774247 33.510245720392085
1.3990749776443556 33.763379482395464
1.4190061621952827 34.03007398164903
1.4389375093488772 34.29450835802757
1.458869181707806 34.55442248865604
1.4788015044774045 34.80529612778439
1.4987336646443354 35.058429889787774
1.5186658248112663 35.311563651791154
1.5385983101835323 35.560177168044476
1.5585309581584652 35.80653056142277
1.5784636061333983 36.05288395480106
1.5983970671216678 36.2879367338042
1.6183298776992683 36.532030004307465
1.6382631760848703 36.769342906185635
1.6581967996758078 37.00213556231375
1.6781304232667449 37.23492821844186
1.6980640468576815 37.46772087456996
1.7179979956539533 37.69599328494802
1.737932107052892 37.922005572451035
1.7578662184518314 38.14801785995406
1.7778006550561052 38.36950990170702
1.7977349290577112 38.59326206633501
1.8176695282646522 38.81249398521294
1.837604452676928 39.027205658340804
1.8575393770892032 39.24191733146868
1.8774743015014794 39.45662900459654
1.8974093885164225 39.66908055484938
1.9173446381340324 39.879271982227195
1.9372800503543102 40.08720328672997
1.9572152999719206 40.29739471410778
1.977151037397533 40.500805772860495
1.9970867748231453 40.704216831613216
2.017022674851425 40.9053677674909
2.0369587374823714 41.104258580493564
2.0568948001133185 41.30314939349622
2.076830862744266 41.502040206498876
2.09676708797788 41.6986708966265
2.1167034758141616 41.8930414638791
2.1366400262531107 42.08515190825666
2.1565765766920593 42.27726235263424
2.1765131271310088 42.4693727970118
2.19645016537796 42.654702872764275
2.2163868784195757 42.844553194266815
2.2363239166665267 43.02988327001929
2.2562607923108104 43.2174734686468
2.276197993160429 43.40054342152425
2.2961353566127145 43.581353251526664
2.316072557462333 43.76442320440411
2.336010083517286 43.94297291153149
2.355947772174906 44.11926249578384
2.375885460832526 44.2955520800362
2.3958229868874796 44.47410178716359
2.4157608381477673 44.64813124854091
2.4356986894080546 44.82216070991824
2.4556367032710096 44.99393004842054
2.475574879736632 45.1634392640478
2.4955127309969196 45.337468725425126
2.5154510700652093 45.50471781817736
2.535389409133499 45.6719669109296
2.5553275855991213 45.84147612655686
2.575266249872745 46.004204973559034
2.5952047515437027 46.16919394343624
2.6151432532146597 46.33418291331345
2.635081917488284 46.49691176031562
2.6550207443645752 46.65738048444276
2.6749594086381996 46.82010933144494
2.6948983981171586 46.97831793269705
2.7148372249934507 47.138786656824195
2.7347762144724093 47.29699525807631
2.7547153665540356 47.45294373645339
2.774654518635662 47.608892214830476
2.7959533135708545 47.77331615398892
2.812720670272385 47.8996946914177
2.8362849946212965 48.08577814146185
2.856224634510925 48.23494625121384
2.8761639491952184 48.3886346067159
2.8961035890848463 48.537802716467894
2.9160432289744747 48.686970826219884
2.9359828688641034 48.836138935971874
2.9559225087537317 48.98530704572387
2.975862311246027 49.13221503260083
2.991270892308217 49.23806412058141
3. 49.3806412058141