0.17000000000000004 0.9207149030981038
0.1824545642723779 0.9955414037382845
0.1958215766107252 1.0757257474151978
0.21016788491552899 1.1616522467868735
0.22556523450770655 1.253732768275365
0.24209062692411962 1.3529527637992282
0.2598267049992179 1.4600508289389043
0.27886216615858805 1.5749350488885592
0.2992922059912743 1.698171759795147
0.3212189943191572 1.8303684888525975
0.3447521861441956 1.9715338983681272
0.3700094700287584 2.122767179974265
0.397117156651474 2.2849282890082687
0.4262108104819431 2.4588072538301406
0.45743592773329395 2.6456629714556343
0.49094866398299464 2.8467363632202973
0.5269166151007256 3.0624310327705597
0.5655196553887009 3.2938104300874373
0.6069508371259453 3.542015349008659
0.651417356015114 3.8076113052317604
0.6991415873600122 4.090191656836646
0.750362198155704 4.392721166203564
0.8053353406527215 4.716972881937057
0.8643359333643489 5.064506675345687
0.9276590359232432 5.4369943862659555
0.9956213246629969 5.836227856808761
1.0685626763039693 6.257998740416267
1.1468478676633336 6.7074208247768
1.2308683998895251 7.188436450736994
1.3210444563440136 7.703264269188913
1.4178270039216903 8.25046233562138
1.5217000483184884 8.821787720703403
1.633183054524742 9.43184653288361
1.7528335446490766 10.057879210142081
1.8812498860644407 10.721797299953678
2.0190742838196947 11.428279450953973
2.1669959922816813 12.180003423388424
2.3257547620690784 12.979810878554561
2.4961445395160093 13.830717021832703
2.6790174371662876 14.72172725267025
2.8752879951545736 15.65058146499262
3.0859377547854527 16.606652428193392
3.3120201671827054 17.618050583739805
3.554665861556757 18.68775791970898
3.8150882994366757 19.81889639791145
4.0945898431433285 20.984754575055934
4.394568268851883 22.154923541060192
4.716523756815225 23.383134744339248
5.0620663937061225 24.67162104655289
5.432924224597047 26.00962403467718
5.830951894845297 27.38758756355214
6.258139925101147 28.79253268311076
6.716624665822949 30.185505281133064
7.208698981081365 31.627251329070276
7.73682371508197 33.11745206156439
8.303639998749887 34.65548022262616
8.911982457921177 36.24035657518818
9.564893389194609 37.807650885245984
10.265637974336768 39.3905464687607
11.017720609327005 41.000681283189834
11.824902429703275 42.63458222288744
12.691220119852316 44.28710165117649
13.621006100308763 45.980940755990346
14.618910194019039 47.83827626384668
15.68992287992216 49.72031056950758
16.839400250137707 51.66677278447512
18.073090795570863 53.64614233801289
19.397164153888266 55.63761638918377
20.818241963632182 57.6191124561906
22.343430978773192 59.55003153787384
23.980358609305956 61.46368657645144
25.7372110656252 63.344706550996335
27.622774297440404 65.17088485152453
29.64647793196311 66.92410044964639
31.818442431099974 68.84269150257595
34.14952970348286 70.94860483956786
36.65139742444465 73.22218565485548
39.33655733559296 75.44764998880346
42.21843781553543 77.60575288712808
45.31145103467058 79.67468779995889
48.63106502988239 81.94008527441954
52.19388105958162 84.3065795301877
56.01771662594284 86.56608442667773
60.12169457952905 88.70379035868339
64.52633875191151 90.68973061072275
69.2536765945404 92.49020135238148
74.32734933715908 94.46610888640727
79.77273021665985 97.20752253177658
85.61705136763898 99.93578159435175
91.88954000922568 102.54177661400591
98.62156460925004 104.99295481499678
105.84679175671107 107.2526498822527
113.60135452705786 109.60633204559252
121.92403318227215 112.21746494332312
130.85644910942594 114.6226695611485
140.44327296759354 117.24577092795685
150.7324480840524 119.73997797005646
161.77543021696826 121.97014584892347
173.62744488360835 123.88420338752822
186.347763540971 125.423866905203
199.99999999999983 126.52400941878082